100
15 49
93 86
54 50
64 59
7 88
47 70
38 21
26 35
29 44
1 7
40 84
36 65
6 27
19 42
26 66
29 15
5 71
27 11
80 40
51 13
12 52
44 19
94 100
52 10
100 58
34 18
60 68
33 77
97 48
68 36
79 74
8 90
7 12
43 76
65 17
76 56
85 69
33 60
7 4
31 51
53 67
11 78
92 62
73 72
61 47
72 2
40 54
98 82
59 24
38 81
20 39
71 73
37 34
44 79
81 41
15 95
58 80
99 75
61 29
9 8
50 25
91 31
1 53
77 89
31 30
39 22
41 83
18 9
23 61
78 5
62 87
33 20
26 23
86 43
25 99
26 32
98 93
88 38
21 46
87 91
82 97
84 37
88 55
98 94
96 85
95 57
95 14
3 16
17 28
75 45
74 96
1 92
14 33
51 98
28 63
46 64
88 26
69 6
95 3