1000
961 882
914 48
668 14
971 466
19 595
64 537
227 146
494 255
409 218
636 517
334 976
413 665
765 633
195 308
380 799
360 754
954 162
130 80
648 453
755 908
349 398
462 719
665 605
176 465
313 623
411 5
707 339
527 151
5 897
945 174
37 182
706 745
916 742
56 61
695 485
814 704
525 24
461 483
879 77
85 663
801 122
660 90
415 185
555 7
1 780
227 980
263 624
363 241
938 425
65 611
16 348
727 827
425 427
247 705
730 423
670 117
803 142
944 541
229 866
804 538
7 569
532 443
628 41
969 781
170 761
684 723
450 228
901 51
490 775
451 802
468 20
598 979
947 583
788 242
964 299
645 528
523 669
526 273
884 499
234 13
896 402
623 803
979 163
72 844
923 927
460 17
679 411
221 570
659 104
556 771
475 751
591 137
297 874
643 82
686 38
355 766
456 111
119 259
12 915
586 478
785 746
120 181
943 286
293 119
2 688
600 138
907 594
395 67
632 87
358 668
123 941
516 672
978 124
835 379
54 208
515 857
965 73
335 105
249 850
15 546
973 481
466 764
644 474
190 75
439 215
73 397
759 584
898 842
575 604
359 921
159 593
57 153
521 211
678 91
46 578
865 406
90 361
877 933
982 890
756 988
420 471
847 206
377 628
738 457
683 410
906 249
88 319
855 209
352 614
988 565
480 943
4 456
582 439
918 201
55 596
596 315
13 513
624 760
368 192
736 155
286 916
717 45
956 516
620 901
145 79
103 709
699 113
418 796
655 238
486 224
674 945
447 324
530 420
858 389
888 532
10 350
578 53
820 518
386 253
180 820
29 496
609 279
630 773
545 809
496 94
912 123
6 815
826 800
324 385
753 969
50 910
488 275
400 732
518 463
301 922
593 4
544 522
537 42
66 309
317 408
284 409
257 32
963 698
182 183
705 270
265 16
889 554
519 731
222 108
162 302
393 530
153 239
109 422
87 630
650 757
534 216
303 832
472 658
236 884
742 816
829 475
322 310
976 923
871 501
796 374
500 269
781 60
831 467
53 136
423 448
557 376
232 533
977 338
51 504
666 608
608 399
129 739
76 580
881 505
928 772
703 878
828 822
375 290
3 804
455 452
272 109
861 807
621 765
115 552
108 449
815 797
758 997
476 421
794 371
554 412
681 686
121 839
629 313
574 870
244 588
341 670
827 316
675 769
384 631
723 336
592 202
897 494
314 855
712 918
49 125
639 37
905 872
520 198
806 942
613 678
836 655
770 900
504 892
955 250
908 447
80 503
398 557
379 905
239 23
483 987
546 351
709 26
967 98
457 35
812 171
331 260
282 770
148 727
775 931
694 849
922 472
903 156
351 354
993 971
634 419
445 974
463 391
254 691
580 808
312 31
832 862
118 231
137 990
652 680
805 675
673 747
740 164
332 779
75 271
144 115
315 277
374 18
924 947
499 6
654 937
142 265
627 78
892 829
259 695
926 821
700 526
910 345
913 798
853 368
733 212
168 920
547 152
446 560
502 329
764 311
823 482
430 235
136 607
214 175
266 220
223 869
677 833
342 367
193 728
131 492
40 576
606 767
539 509
692 360
565 701
414 555
283 662
396 320
111 62
864 707
669 268
125 725
810 647
428 858
59 756
685 893
338 622
240 274
780 166
169 33
388 233
919 992
933 335
653 632
960 961
95 889
43 968
264 635
809 15
48 598
672 116
104 353
218 186
564 863
567 114
581 817
325 292
39 167
20 660
378 317
24 47
663 381
779 540
531 619
84 344
34 573
883 511
931 161
361 508
105 542
633 30
412 590
548 599
350 912
214 653
941 71
904 572
469 237
989 825
748 617
560 676
383 735
838 251
558 881
510 865
555 823
178 70
549 587
538 970
329 523
631 246
792 514
242 637
992 64
369 267
900 126
62 603
128 72
599 29
471 346
251 879
725 831
920 101
96 535
458 568
825 129
427 618
893 907
975 577
385 294
776 706
192 401
972 373
777 600
741 899
506 264
760 347
876 903
183 620
132 40
752 950
448 451
751 512
800 871
995 43
191 341
404 102
41 638
61 520
691 461
101 738
433 574
8 68
216 46
45 993
875 187
102 172
808 2
866 671
217 755
698 718
493 972
541 877
602 939
782 640
143 200
843 685
200 904
362 143
60 895
204 150
584 337
247 349
577 285
872 278
656 948
671 386
124 752
197 176
44 416
276 985
846 134
306 697
572 502
746 154
774 536
42 86
497 736
133 476
290 312
983 597
854 388
981 415
597 699
302 828
513 21
529 551
576 297
14 683
67 118
807 667
857 289
35 282
540 50
890 814
821 100
416 935
419 953
950 819
277 851
86 470
343 854
226 664
327 39
536 140
860 529
230 413
470 710
376 159
595 867
27 606
720 795
321 328
934 642
154 609
909 986
994 256
201 788
205 810
615 919
487 490
716 369
318 548
773 306
768 300
517 545
23 715
569 703
743 330
11 455
238 838
394 684
767 188
107 888
819 121
158 395
30 914
280 790
63 649
664 418
464 932
662 740
173 199
501 836
248 966
528 991
959 999
603 352
184 495
267 784
390 627
784 383
744 977
354 724
721 837
261 794
465 929
802 436
422 19
287 128
508 464
833 248
224 581
841 774
149 266
220 254
590 127
561 571
213 534
799 258
714 141
874 10
583 437
592 729
417 835
789 944
245 295
795 644
522 689
980 984
100 179
212 343
52 880
434 288
550 791
797 500
288 913
641 365
625 66
722 293
139 674
970 244
188 785
868 486
410 681
106 643
813 205
122 636
942 750
58 74
482 753
786 951
917 226
237 377
734 3
163 63
336 563
99 257
542 96
399 556
207 717
585 281
459 392
932 307
726 488
474 9
612 694
940 847
849 210
927 726
856 711
269 963
74 864
89 967
772 964
987 801
837 515
371 54
491 616
206 157
957 405
766 225
594 625
915 363
166 304
481 955
958 382
366 323
880 27
509 924
337 856
171 194
320 885
81 553
579 450
618 846
937 652
437 362
739 995
26 741
151 438
559 721
894 928
658 582
535 479
233 92
289 229
218 579
429 840
688 868
724 666
198 393
822 575
588 22
281 462
421 95
999 232
308 493
291 28
512 826
840 204
298 396
568 654
583 120
1000 793
842 196
646 946
887 301
172 585
895 247
390 234
697 243
243 460
830 169
749 287
696 506
110 283
732 661
126 372
258 561
845 342
614 758
112 998
750 468
769 284
21 55
152 56
114 407
974 261
424 197
811 36
787 650
715 404
316 983
82 291
610 149
882 722
622 818
345 543
97 734
83 144
851 956
968 615
211 612
357 207
619 601
757 440
498 564
436 853
305 498
867 193
147 370
899 322
754 332
983 445
984 673
294 252
328 621
850 318
189 591
391 364
70 861
651 531
997 25
134 1000
241 321
304 559
495 886
31 639
735 333
551 730
713 177
869 52
408 303
215 792
563 519
333 925
873 103
165 81
956 178
262 195
957 89
25 716
235 487
431 110
382 429
543 132
113 227
93 981
199 165
127 173
9 830
326 651
570 145
649 952
862 305
870 845
911 191
640 446
435 8
373 84
370 562
473 69
68 954
150 737
444 960
848 400
719 841
761 158
467 539
533 965
731 276
886 848
566 93
260 789
953 334
392 489
438 813
348 690
902 170
116 133
160 629
728 180
996 702
708 824
186 131
737 480
449 926
203 222
228 883
553 219
966 85
642 387
401 435
793 525
79 930
452 433
253 189
47 940
274 432
340 130
182 549
718 65
364 812
219 524
617 909
637 359
18 713
798 190
161 978
503 602
273 834
209 911
816 240
939 759
167 748
138 325
309 958
300 507
704 873
194 811
155 902
255 714
275 645
407 331
962 414
231 375
946 959
344 613
365 272
403 380
477 221
647 139
479 358
998 550
573 97
891 394
626 262
796 938
441 327
389 898
562 34
285 989
177 896
252 99
78 626
839 783
397 527
299 49
710 712
71 454
36 58
844 544
745 891
442 641
605 906
372 431
930 805
92 510
859 708
381 355
791 135
77 83
67 679
146 340
991 441
689 973
657 214
256 634
271 982
225 682
250 696
484 693
701 586
589 656
604 213
454 403
453 263
432 491
680 936
140 743
729 217
278 357
949 148
763 720
635 521
187 894
296 592
524 996
936 566
181 876
443 366
270 657
929 484
925 57
426 473
952 378
307 426
834 806
762 11
985 762
69 934
511 589
17 430
587 230
210 147
185 76
22 223
353 458
818 59
990 497
330 469
208 875
638 314
117 646
878 477
478 687
682 160
94 786
141 326
367 962
852 547
440 994
885 733
690 610
711 917
347 280
339 975
406 12
514 692
311 298
951 390
387 428
156 434
402 677
405 852
28 384
948 107
571 112
319 442
202 957
824 777
38 887
175 236
702 749
661 778
817 356
505 659
921 444
157 648
783 860
552 700
164 558
611 859
196 88
863 768
91 949
98 424
135 417
607 168
268 296
174 44
346 459
616 744
289 763
279 245
771 203
601 567
747 106
295 787
778 782
489 843
32 776
292 184