1000
0 584 340
0 644 212
0 456 778
0 324 701
0 262 775
0 945 139
0 519 891
0 402 457
0 45 278
0 162 852
0 497 386
1 410 260
1 762 324
1 787 245
1 284 894
1 630 490
0 939 246
1 696 955
0 497 666
0 562 481
1 626 888
1 932 282
1 792 410
0 408 12
1 357 71
1 690 85
0 925 878
1 332 439
1 328 311
0 409 342
0 20 942
0 709 271
0 115 379
0 28 291
1 722 863
0 909 91
0 526 826
1 588 97
0 308 645
1 263 938
1 41 982
1 33 994
0 632 235
0 248 602
1 117 341
0 410 715
1 128 889
1 368 225
1 859 611
1 421 277
1 584 511
0 863 832
1 157 427
0 156 181
1 773 443
1 127 315
0 314 330
1 796 28
1 890 174
1 285 74
0 986 334
0 813 341
1 368 124
0 468 519
0 487 653
0 405 716
0 39 440
1 108 608
0 836 440
1 119 882
0 54 373
1 123 105
0 251 475
0 891 662
0 910 686
0 172 975
0 924 353
1 345 839
1 945 14
1 564 649
1 512 624
1 999 592
1 904 669
1 196 898
0 555 336
1 189 51
0 193 422
0 287 244
0 639 497
1 399 517
0 966 248
1 281 57
0 345 301
1 175 318
1 317 408
1 367 684
0 903 44
1 321 764
0 920 46
1 477 574
1 464 774
0 343 304
1 58 280
0 165 951
0 982 271
0 765 233
1 274 814
1 233 601
0 676 136
1 924 467
0 375 231
1 943 985
1 717 561
1 318 182
1 609 746
0 870 276
1 32 787
1 911 209
0 956 851
1 976 154
1 696 250
1 926 122
0 396 379
1 231 366
0 787 295
0 69 359
0 8 819
1 737 907
0 268 329
1 714 494
0 434 181
1 54 445
1 905 714
1 430 17
1 693 296
1 758 778
0 90 273
1 762 330
0 164 53
0 853 839
1 737 429
1 198 592
0 423 974
0 820 79
1 500 580
0 896 602
0 935 674
1 470 968
0 285 41
1 410 14
0 706 908
0 691 744
0 744 500
1 412 896
0 499 868
0 145 826
1 857 583
1 179 546
0 854 952
1 250 661
1 30 406
0 252 988
1 73 209
0 451 752
1 504 220
0 522 554
1 685 405
0 460 270
1 679 21
1 800 980
1 598 241
1 6 486
1 114 601
0 794 678
1 564 30
0 20 655
0 934 660
0 499 306
1 565 284
0 776 32
1 456 629
0 928 613
1 954 368
1 596 249
0 160 18
1 569 452
0 55 665
0 781 969
1 429 938
1 492 675
1 201 42
1 313 663
0 204 392
1 966 226
0 247 748
0 807 55
0 882 896
1 391 88
0 535 601
1 476 334
0 163 406
0 731 257
0 718 963
0 849 544
0 877 260
0 382 420
1 389 607
1 292 195
1 668 358
0 487 773
0 92 630
0 754 922
0 592 143
0 675 587
1 323 589
0 948 492
0 482 443
1 348 402
0 599 375
1 755 744
1 472 144
1 190 156
1 699 497
0 279 154
0 148 619
0 31 847
0 276 731
1 815 87
1 856 503
0 962 342
1 851 315
0 117 341
1 809 149
0 300 507
0 668 601
0 981 936
0 648 47
1 125 208
1 348 507
1 279 621
1 104 283
0 718 975
1 236 936
0 309 346
1 656 468
1 571 403
1 110 46
1 499 580
0 922 79
1 842 389
0 987 149
1 401 529
0 623 402
1 672 136
1 68 551
1 812 196
0 888 589
1 952 363
0 933 944
0 481 388
1 749 562
0 651 722
0 990 420
0 850 256
1 154 575
1 846 904
0 45 561
1 605 158
0 653 948
0 822 368
0 290 866
0 88 959
0 801 461
1 456 782
1 98 598
1 451 874
0 241 12
1 884 580
1 625 594
0 560 166
1 9 829
0 724 690
0 183 263
0 904 200
0 114 619
0 496 375
1 564 863
0 911 774
0 105 274
1 348 325
0 466 859
1 367 985
0 728 867
0 373 39
0 687 816
1 252 38
1 505 738
1 657 938
0 228 131
1 812 191
1 758 923
1 995 87
0 754 472
0 721 172
0 160 85
0 990 795
1 598 343
1 336 864
0 248 418
0 306 289
0 818 742
1 506 522
0 242 712
0 87 7
1 575 433
1 284 79
0 614 603
1 127 516
0 951 473
1 507 772
0 333 502
0 659 881
1 73 499
0 442 962
1 916 840
0 675 962
0 230 995
0 729 565
1 197 583
1 806 879
0 492 221
1 122 987
1 483 629
0 46 403
0 479 174
0 83 355
0 288 926
1 891 257
0 167 17
0 694 522
1 38 422
1 360 215
0 423 679
0 277 596
1 508 90
1 833 939
0 188 869
1 807 77
0 561 403
1 282 920
0 961 86
1 701 286
0 571 67
0 318 230
1 994 746
1 234 318
0 358 260
0 252 190
0 825 975
1 599 249
0 907 520
0 764 971
0 561 524
1 675 845
1 51 901
1 199 898
1 609 538
0 673 322
0 432 392
1 251 836
0 458 35
1 350 456
1 123 132
1 532 930
0 859 6
0 709 271
0 210 481
1 732 698
1 634 757
0 640 325
1 321 854
0 303 952
0 141 494
1 94 496
0 952 48
1 273 501
0 739 74
1 879 504
0 42 339
0 89 202
0 47 846
1 174 964
0 754 358
1 82 747
1 917 3
1 615 36
0 511 221
1 879 475
0 594 420
1 430 60
1 620 1000
0 104 891
1 931 490
0 612 287
1 798 732
1 221 7
1 655 800
0 251 504
0 826 453
0 179 771
1 134 821
1 968 811
0 106 745
0 726 746
0 516 611
0 186 218
1 331 119
1 369 614
1 840 471
1 407 411
1 863 768
0 900 457
0 70 94
1 199 516
0 1 108
0 269 280
0 682 248
0 144 892
1 577 943
1 818 204
0 883 79
0 787 723
1 682 631
1 408 303
1 737 309
0 117 191
1 613 373
0 612 660
0 217 361
1 839 124
0 606 370
1 334 245
0 653 525
1 542 141
1 866 289
0 116 807
0 383 456
1 917 759
1 905 84
1 164 410
0 336 217
0 152 471
1 761 169
0 754 600
1 118 761
1 356 937
0 488 245
0 185 955
0 586 988
1 105 576
1 37 395
0 90 934
1 686 548
0 767 223
0 897 722
1 138 539
1 683 789
1 570 703
0 447 687
1 24 161
0 592 143
1 500 224
1 307 468
0 191 281
1 10 514
0 358 877
1 731 958
1 388 207
0 689 330
1 743 536
0 775 958
1 499 566
1 209 140
1 159 292
1 126 53
1 950 773
0 915 466
0 76 505
0 574 706
1 274 346
0 674 533
1 286 943
1 195 617
0 858 90
0 646 835
1 477 702
0 622 404
0 13 549
0 739 812
0 529 153
0 819 107
0 684 190
1 984 227
1 856 800
1 624 793
0 609 309
1 598 979
1 837 979
1 273 879
1 875 974
1 626 627
0 454 132
0 406 510
1 764 831
1 241 363
0 176 957
1 597 700
1 656 542
1 399 608
1 551 235
1 826 347
1 823 616
1 976 732
1 310 931
1 489 405
1 922 38
1 165 70
1 437 462
1 553 199
0 363 311
0 617 636
0 614 62
0 907 937
0 361 961
0 476 530
0 273 275
1 551 401
0 982 139
1 639 158
1 413 44
0 36 754
0 806 921
1 22 61
0 845 11
1 69 464
1 669 831
1 60 228
1 802 839
0 193 642
0 434 850
0 934 565
1 632 366
1 689 23
0 428 660
0 580 164
1 327 283
0 252 830
0 768 303
1 668 335
1 199 516
0 101 578
0 746 671
1 587 170
1 490 697
1 753 536
1 390 182
0 652 104
0 700 115
1 889 636
0 403 874
1 607 911
0 270 366
1 800 751
0 583 208
0 935 139
1 435 401
1 550 576
1 220 564
0 318 605
0 114 485
1 310 913
1 631 384
1 719 462
1 807 29
0 213 822
1 201 992
0 491 286
0 775 487
0 144 838
0 473 404
1 845 703
0 515 304
0 139 959
1 984 741
1 10 754
1 773 781
0 282 302
0 361 660
0 303 598
1 64 33
0 31 681
0 510 98
1 69 610
0 168 8
0 538 849
0 928 888
1 425 724
0 512 157
0 592 539
1 634 816
0 646 743
0 471 484
0 71 170
1 985 324
1 883 477
1 204 893
1 377 639
1 374 340
1 831 392
0 355 490
1 814 9
0 360 493
0 260 326
1 457 136
0 523 143
0 374 759
0 640 782
1 944 218
0 300 408
1 800 157
1 692 38
1 178 786
1 776 701
0 990 229
1 187 40
0 477 574
1 460 247
0 722 961
1 908 884
0 965 469
1 977 916
1 910 332
0 467 180
0 438 53
0 282 193
0 121 161
1 565 432
0 21 627
1 948 769
0 955 553
0 785 953
1 59 916
1 613 617
0 237 313
1 62 703
0 519 257
0 607 998
0 711 82
1 196 265
1 518 422
1 631 679
1 139 813
0 167 39
0 836 512
0 851 13
1 300 649
0 772 261
1 483 610
0 98 523
1 137 488
0 682 833
1 980 704
1 200 725
0 269 2
0 380 403
0 251 836
1 953 419
0 295 609
1 205 151
1 70 333
0 817 415
1 194 518
1 661 718
1 594 56
1 482 948
0 146 496
0 753 131
0 827 883
1 367 891
0 920 492
0 867 88
1 340 384
1 302 435
1 894 935
1 19 485
1 965 855
1 627 39
1 362 543
0 124 568
1 25 560
0 823 345
1 704 903
0 104 881
1 74 867
0 354 632
0 615 36
0 660 238
1 746 880
1 671 166
1 790 298
0 132 754
0 213 448
0 949 308
1 394 755
1 489 471
1 607 368
1 263 793
1 740 283
0 893 61
0 205 329
0 974 445
0 394 891
1 480 550
1 5 78
1 865 311
1 117 192
0 569 414
1 229 237
1 254 79
0 644 181
1 590 133
0 357 135
1 150 530
0 454 10
1 819 461
0 690 926
0 63 12
0 621 456
0 325 963
1 203 809
1 446 76
0 146 113
0 143 831
0 875 949
0 254 622
0 162 853
0 292 902
1 838 620
0 471 716
0 186 414
1 808 981
1 125 208
0 592 733
1 393 405
1 971 872
0 432 169
1 947 924
0 912 792
0 292 600
1 481 81
1 708 884
0 784 267
1 486 317
0 422 170
0 506 486
1 533 377
1 163 598
1 284 79
1 325 708
1 310 798
0 708 486
0 194 312
0 768 261
1 601 702
0 639 118
1 646 536
1 293 730
0 363 733
0 985 276
0 568 457
1 1 930
1 135 235
1 634 609
1 662 136
0 378 607
0 27 147
0 948 511
0 990 893
0 512 901
1 671 866
0 341 628
0 723 217
0 903 44
0 601 319
0 128 115
0 900 825
0 302 592
0 711 643
0 155 229
1 464 361
0 733 835
0 722 35
1 221 970
0 281 369
0 105 260
1 599 549
1 832 673
1 932 660
0 74 364
1 293 788
0 787 245
1 169 780
0 868 458
0 704 903
0 849 264
1 446 824
1 727 748
1 688 580
1 250 973
0 350 692
0 629 663
0 240 554
1 66 641
1 730 839
0 512 183
0 71 912
1 958 973
0 942 827
1 732 708
1 567 326
0 485 637
1 155 763
0 264 924
0 700 892
1 820 227
1 258 132
1 598 765
0 968 790
0 147 157
1 223 118
1 903 438
0 656 247
1 933 161
0 966 917
1 860 487
1 591 795
0 140 383
0 309 346
0 88 473
1 734 973
0 620 847
1 723 870
1 777 581
0 713 917
1 710 968
0 226 384
0 245 609
1 401 839
0 985 257
1 506 72
0 28 673
1 281 716
1 66 198
0 615 707
1 892 183
0 278 974
0 497 830
1 954 839
1 483 149
0 474 625
1 146 846
0 722 856
0 517 265
1 296 669
1 769 675
1 698 963
0 988 286
1 808 654
0 775 895
0 715 925
0 512 280
0 225 302
0 303 43
1 923 641
0 378 91
1 918 710
1 455 898
0 44 139
1 913 986
0 481 92
1 40 453
0 856 28
0 612 922
1 194 595
0 422 706
1 266 27
1 188 223
1 86 826
0 130 577
1 964 928
0 325 269
1 289 343
1 474 66
1 394 471
1 890 629
0 807 390
1 633 212
1 978 775
0 352 62
0 379 892
0 671 644
0 76 881
0 157 926
0 177 80
0 69 162
0 526 791
1 156 876
1 286 62
0 589 511
1 438 855
1 657 366
0 124 978
1 868 930
0 420 693
0 332 558
0 595 547
1 279 244
0 453 793
0 620 263
0 597 902
1 964 20
0 893 56
1 237 325
0 682 418
0 928 148
0 614 446
1 908 977
0 331 567
0 405 176
0 700 892
0 855 743
0 149 17
1 765 510
1 27 52
1 32 729
0 498 914
1 285 463
1 290 170
1 811 463
1 340 591
0 339 864
0 801 987
1 456 127
0 33 473
1 305 321
1 600 963
1 905 550
1 94 587
1 634 210
1 548 639
0 317 915
1 707 595
1 396 207
1 777 449
0 433 452
0 332 410
0 239 283
0 550 380
0 40 636
1 267 315
1 611 356
0 396 550
0 667 956
1 28 899
0 543 628
0 399 461
1 436 161
0 954 529
1 697 630
0 562 127
0 72 181
1 820 193
1 300 257
0 102 186
1 320 278
0 591 721
0 335 714
1 564 863
1 488 953
0 98 502
0 307 20
0 993 561
1 994 880
1 216 302
0 288 156
0 946 140
0 454 332
0 430 907
0 457 828
1 762 240