100
1 73 69
1 38 7
0 17 60
1 30 20
0 25 34
0 10 27
1 58 52
1 16 29
0 86 58
0 88 3
0 33 3
0 86 43
0 86 94
0 33 17
1 83 96
1 56 93
1 53 34
0 100 52
0 17 77
1 28 60
1 89 63
0 55 84
0 70 44
1 19 79
1 85 60
1 58 87
0 53 85
1 6 39
1 10 83
1 90 9
1 11 74
0 9 97
1 55 42
0 88 81
1 56 80
0 9 37
0 5 11
0 80 55
1 50 97
1 10 92
1 8 7
1 19 98
1 20 68
1 78 83
0 7 1
0 37 13
0 30 15
0 14 47
1 2 96
1 59 19
0 35 71
1 34 89
1 47 11
0 8 41
1 5 63
1 30 53
1 59 42
1 98 25
0 84 31
0 68 17
0 23 2
0 5 22
1 25 80
1 53 76
0 93 54
1 86 25
1 87 64
0 53 30
1 59 38
1 52 2
0 94 19
0 12 59
0 14 1
1 52 94
1 48 59
1 47 49
1 22 89
0 86 43
0 13 31
0 60 23
0 12 21
1 51 88
0 73 78
1 11 65
0 53 67
0 36 48
0 3 32
1 28 60
0 64 46
1 61 7
1 13 69
0 24 83
1 64 38
0 62 14
1 63 61
1 54 29
1 53 67
0 2 69
0 3 61
0 81 2